                                                                                                     VARIABLES = "step" "num_e" "num_i" "phiwall" "egye" "egyi" 
      10      65      31        -0.0161414314        21.0475921631
         0.9725054502
      20     227      63        -0.0318965316        20.1073837280
         1.0191222429
      30     410      95        -0.0557829328        18.9237327576
         1.0394186974
      40     633     127        -0.1036884785        18.5137329102
         1.0453788042
      50     867     159        -0.1555434167        18.1723365784
         1.0845392942
      60    1149     190        -0.2220758945        17.6503353119
         1.0570948124
      70    1422     222        -0.3031620681        17.6842422485
         1.0934303999
      80    1626     254        -0.3948526680        17.7551441193
         1.0723471642
